Tail_Length
102.00
102.00
100.00
104.00
105.00
97.00
102.00
100.00
103.00
100.00
99.00
102.00
101.00
102.00
96.00
100.00
103.00
103.00
103.00
105.00
103.00
99.00
104.00
105.00
107.00
101.00
104.00
106.00
100.00
106.00
103.00
103.00
106.00
102.00
100.00
101.00
102.00
105.00
105.00
100.00
96.00
108.00
101.00
104.00
108.00
107.50
100.00
103.00
100.00
103.00
108.00
106.00
106.00
105.00
107.00
107.00
104.00
102.00
101.00
99.00
105.00
96.00
107.00
99.00
106.00
103.00
98.00
102.00
108.00
104.00
107.00
111.00
104.00
102.00
104.50
103.00
110.00
110.00
101.00
109.00
97.00
102.00
99.00
108.00
105.00
107.00
104.00
107.00
100.00
112.00
109.00
105.00
99.00
97.00
101.00
103.00
100.00
95.00
99.00
106.00
107.00
104.00
100.00
103.50
104.00
110.00
103.00
108.00
102.00
94.00
113.00
108.50
102.00
91.00
101.00
103.00
100.50
105.00
100.00
98.00
102.00
98.00
99.00
99.00
106.00
102.00
106.00
98.00
99.00
103.00
101.00
100.00
104.00
99.00
100.00
102.00
99.00
96.00
101.00
99.00
104.00
95.00
99.00
102.00
100.00
103.00
97.00
102.50
103.00
103.00
99.00
100.00
95.00
100.00
95.00
94.00
98.00
105.00
102.00
97.00
103.00
98.00
104.00
102.00
103.00
103.00
100.00
97.00
92.00
99.00
98.00
102.00
101.00
92.50
100.00
99.00
103.00
99.00
102.00
100.00
98.00
95.00
97.00
99.50
100.00
99.00
94.00
93.00
89.00
97.00
100.00
92.00
95.00
92.00
103.00
104.00
96.00
95.00
99.00
100.00
90.00
90.00
102.00
101.00
95.00
91.00
98.00
96.00
88.00
98.00
100.00
98.00
98.00
91.00
107.00
103.00
103.00
104.00
104.00
101.00
104.00
105.00
105.00
104.00
105.00
106.00
108.00
109.00
109.00
109.00
109.00
99.00
109.00
103.00
105.00
109.00
110.00
108.00
106.00
109.00
94.00
111.00
113.00
106.00
100.00
111.00
110.00
103.00
103.00
100.00
100.00
98.00
101.00
100.00
103.00
107.00
95.00
95.00
106.00
95.00
95.00
109.00
